[5.78842704e+01 2.61845616e+04 3.44071703e+00]
[5.76937942e+01 2.61843712e+04 3.25024084e+00]
[5.66937942e+01 2.61833712e+04 2.25024084e+00]
[5.70509371e+01 2.61837283e+04 2.60738369e+00]
[5.65509371e+01 2.61832283e+04 2.10738369e+00]
[5.71699847e+01 2.61838473e+04 2.72643131e+00]
[5.71873007e+01 2.61838647e+04 2.74374733e+00]
[5.89072589e+01 2.61855846e+04 4.46370553e+00]
[5.78880281e+01 2.61845654e+04 3.44447476e+00]
[5.85858303e+01 2.61852632e+04 4.14227696e+00]
[5.79905922e+01 2.61846680e+04 3.54703886e+00]
[5.82822589e+01 2.61849596e+04 3.83870553e+00]
[5.83239256e+01 2.61850013e+04 3.88037220e+00]
[5.71957204e+01 2.61838731e+04 2.75216707e+00]
[5.80061425e+01 2.61846835e+04 3.56258910e+00]
[5.76728091e+01 2.61843502e+04 3.22925577e+00]
[5.76728091e+01 2.61843502e+04 3.22925577e+00]
[5.72061425e+01 2.61838835e+04 2.76258910e+00]
[5.72061425e+01 2.61838835e+04 2.76258910e+00]
[5.77753732e+01 2.61844527e+04 3.33181987e+00]
[5.73394758e+01 2.61840168e+04 2.89592244e+00]
[5.62061425e+01 2.61828835e+04 1.76258910e+00]
[5.91195230e+01 2.61857969e+04 4.67596968e+00]
[5.88695230e+01 2.61855469e+04 4.42596968e+00]
[5.86195230e+01 2.61852969e+04 4.17596968e+00]
[5.91195230e+01 2.61857969e+04 4.67596968e+00]
[6.11195230e+01 2.61877969e+04 6.67596968e+00]
[5.89195230e+01 2.61855969e+04 4.47596968e+00]
[5.91232009e+01 2.61858006e+04 4.67964756e+00]
[5.86232009e+01 2.61853006e+04 4.17964756e+00]
[5.86232009e+01 2.61853006e+04 4.17964756e+00]
[5.76232009e+01 2.61843006e+04 3.17964756e+00]
[5.76232009e+01 2.61843006e+04 3.17964756e+00]
[5.89691637e+01 2.61856465e+04 4.52561029e+00]
[5.79691637e+01 2.61846465e+04 3.52561029e+00]
[5.81691637e+01 2.61848465e+04 3.72561029e+00]
[5.86691637e+01 2.61853465e+04 4.22561029e+00]
[5.90739256e+01 2.61857513e+04 4.63037220e+00]
[5.85739256e+01 2.61852513e+04 4.13037220e+00]
[5.85739256e+01 2.61852513e+04 4.13037220e+00]
[5.85140297e+01 2.61851914e+04 4.07047636e+00]
[5.70140297e+01 2.61836914e+04 2.57047636e+00]
[5.75140297e+01 2.61841914e+04 3.07047636e+00]
[5.75140297e+01 2.61841914e+04 3.07047636e+00]
[5.77640297e+01 2.61844414e+04 3.32047636e+00]
[5.77640297e+01 2.61844414e+04 3.32047636e+00]
[5.84231206e+01 2.61851005e+04 3.97956727e+00]
[5.75782048e+01 2.61842556e+04 3.13465148e+00]
[5.75782048e+01 2.61842556e+04 3.13465148e+00]
[5.74782048e+01 2.61841556e+04 3.03465148e+00]
[5.73115382e+01 2.61839889e+04 2.86798481e+00]
[5.71448715e+01 2.61838222e+04 2.70131814e+00]
[5.89654781e+01 2.61856428e+04 4.52192471e+00]
[5.79654781e+01 2.61846428e+04 3.52192471e+00]
[5.82154781e+01 2.61848928e+04 3.77192471e+00]
[5.92154781e+01 2.61858928e+04 4.77192471e+00]
[5.82154781e+01 2.61848928e+04 3.77192471e+00]
[5.88404781e+01 2.61855178e+04 4.39692471e+00]
[6.02154781e+01 2.61868928e+04 5.77192471e+00]
[5.74088462e+01 2.61840862e+04 2.96529283e+00]
[5.66310684e+01 2.61833084e+04 2.18751506e+00]
[5.66310684e+01 2.61833084e+04 2.18751506e+00]
[5.88810684e+01 2.61855584e+04 4.43751506e+00]
[5.86310684e+01 2.61853084e+04 4.18751506e+00]
[5.86310684e+01 2.61853084e+04 4.18751506e+00]
[5.73030922e+01 2.61839805e+04 2.85953886e+00]
[5.84697589e+01 2.61851471e+04 4.02620553e+00]
[5.84697589e+01 2.61851471e+04 4.02620553e+00]
[5.68030922e+01 2.61834805e+04 2.35953886e+00]
[5.81676950e+01 2.61848451e+04 3.72414167e+00]
[5.85676950e+01 2.61852451e+04 4.12414167e+00]
[5.85676950e+01 2.61852451e+04 4.12414167e+00]
[5.76446181e+01 2.61843220e+04 3.20106475e+00]
[5.85676950e+01 2.61852451e+04 4.12414167e+00]
[5.85676950e+01 2.61852451e+04 4.12414167e+00]
[5.81676950e+01 2.61848451e+04 3.72414167e+00]
[5.96528729e+01 2.61863302e+04 5.20931957e+00]
[5.96528729e+01 2.61863302e+04 5.20931957e+00]
[5.85195396e+01 2.61851969e+04 4.07598623e+00]
[5.94623967e+01 2.61861398e+04 5.01884338e+00]
[5.81656934e+01 2.61848431e+04 3.72214008e+00]
[5.83195396e+01 2.61849969e+04 3.87598623e+00]
[5.75720529e+01 2.61842494e+04 3.12849954e+00]
[5.75720529e+01 2.61842494e+04 3.12849954e+00]
[5.80265984e+01 2.61847040e+04 3.58304499e+00]
[5.74291958e+01 2.61841066e+04 2.98564240e+00]
[5.80720529e+01 2.61847494e+04 3.62849954e+00]
[5.65720529e+01 2.61832494e+04 2.12849954e+00]
[5.72084165e+01 2.61838858e+04 2.76486318e+00]
[5.85041390e+01 2.61851815e+04 4.06058566e+00]
[5.70279485e+01 2.61837053e+04 2.58439519e+00]
[5.75835041e+01 2.61842609e+04 3.13995074e+00]
[5.80612819e+01 2.61847386e+04 3.61772852e+00]
[5.80612819e+01 2.61847386e+04 3.61772852e+00]
[5.87553986e+01 2.61854328e+04 4.31184524e+00]
[5.87553986e+01 2.61854328e+04 4.31184524e+00]
[5.67553986e+01 2.61834328e+04 2.31184524e+00]
[5.77553986e+01 2.61844328e+04 3.31184524e+00]
[5.60691637e+01 2.61827465e+04 1.62561029e+00]
[5.68405922e+01 2.61835180e+04 2.39703886e+00]
[5.71405922e+01 2.61838180e+04 2.69703886e+00]
[5.71405922e+01 2.61838180e+04 2.69703886e+00]
[5.58905922e+01 2.61825680e+04 1.44703886e+00]
[5.70691637e+01 2.61837465e+04 2.62561029e+00]
[5.70691637e+01 2.61837465e+04 2.62561029e+00]
[5.80634973e+01 2.61847409e+04 3.61994395e+00]
[5.90019588e+01 2.61856793e+04 4.55840549e+00]
[5.90019588e+01 2.61856793e+04 4.55840549e+00]
[5.90019588e+01 2.61856793e+04 4.55840549e+00]
[5.76019588e+01 2.61842793e+04 3.15840549e+00]
[5.82871039e+01 2.61849645e+04 3.84355049e+00]
[5.81621039e+01 2.61848395e+04 3.71855049e+00]
[5.87871039e+01 2.61854645e+04 4.34355049e+00]
[5.78871039e+01 2.61845645e+04 3.44355049e+00]
[5.76204372e+01 2.61842978e+04 3.17688383e+00]
[5.80871039e+01 2.61847645e+04 3.64355049e+00]
[5.80871039e+01 2.61847645e+04 3.64355049e+00]
[5.74585409e+01 2.61841359e+04 3.01498758e+00]
[5.74585409e+01 2.61841359e+04 3.01498758e+00]
[5.82442552e+01 2.61849216e+04 3.80070187e+00]
[5.86252076e+01 2.61853026e+04 4.18165425e+00]
[5.86252076e+01 2.61853026e+04 4.18165425e+00]
[5.86252076e+01 2.61853026e+04 4.18165425e+00]
[5.89585409e+01 2.61856359e+04 4.51498758e+00]
[5.89585409e+01 2.61856359e+04 4.51498758e+00]
[5.84005922e+01 2.61850780e+04 3.95703886e+00]
[5.81255922e+01 2.61848030e+04 3.68203886e+00]
[5.86672589e+01 2.61853446e+04 4.22370553e+00]
[5.82005922e+01 2.61848780e+04 3.75703886e+00]
[5.82005922e+01 2.61848780e+04 3.75703886e+00]
[5.82005922e+01 2.61848780e+04 3.75703886e+00]
[5.91807217e+01 2.61858581e+04 4.73716831e+00]
[5.92759598e+01 2.61859533e+04 4.83240641e+00]
[5.86807217e+01 2.61853581e+04 4.23716831e+00]
[5.88473883e+01 2.61855247e+04 4.40383498e+00]
[5.79473883e+01 2.61846247e+04 3.50383498e+00]
[5.69766578e+01 2.61836540e+04 2.53310444e+00]
[5.75766578e+01 2.61842540e+04 3.13310444e+00]
[5.70766578e+01 2.61837540e+04 2.63310444e+00]
[5.79766578e+01 2.61846540e+04 3.53310444e+00]
[5.70766578e+01 2.61837540e+04 2.63310444e+00]
[5.72856373e+01 2.61839630e+04 2.84208391e+00]
[5.89523039e+01 2.61856297e+04 4.50875058e+00]
[5.77856373e+01 2.61844630e+04 3.34208391e+00]
[5.92856373e+01 2.61859630e+04 4.84208391e+00]
[6.02856373e+01 2.61869630e+04 5.84208391e+00]
[5.74856373e+01 2.61841630e+04 3.04208391e+00]
[5.74679895e+01 2.61841453e+04 3.02443613e+00]
[5.74679895e+01 2.61841453e+04 3.02443613e+00]
[5.80797531e+01 2.61847571e+04 3.63619970e+00]
[5.89585409e+01 2.61856359e+04 4.51498758e+00]
[5.84918743e+01 2.61851692e+04 4.04832092e+00]
[5.77918743e+01 2.61844692e+04 3.34832092e+00]
[5.73394933e+01 2.61840169e+04 2.89593996e+00]
[5.85437281e+01 2.61852211e+04 4.10017475e+00]
[5.81800918e+01 2.61848575e+04 3.73653839e+00]
[5.80437281e+01 2.61847211e+04 3.60017475e+00]
[5.95437281e+01 2.61862211e+04 5.10017475e+00]
[5.81687281e+01 2.61848461e+04 3.72517475e+00]
[5.76103948e+01 2.61842878e+04 3.16684142e+00]
[5.76103948e+01 2.61842878e+04 3.16684142e+00]
[5.75861705e+01 2.61842635e+04 3.14261710e+00]
[5.75195038e+01 2.61841969e+04 3.07595043e+00]
[5.78528371e+01 2.61845302e+04 3.40928376e+00]
[5.65195038e+01 2.61831969e+04 2.07595043e+00]
[5.70195038e+01 2.61836969e+04 2.57595043e+00]
[5.81861705e+01 2.61848635e+04 3.74261710e+00]
[5.85195038e+01 2.61851969e+04 4.07595043e+00]
[5.69520547e+01 2.61836294e+04 2.50850132e+00]
[5.75520547e+01 2.61842294e+04 3.10850132e+00]
[5.79520547e+01 2.61846294e+04 3.50850132e+00]
[5.79520547e+01 2.61846294e+04 3.50850132e+00]
[5.84520547e+01 2.61851294e+04 4.00850132e+00]
[5.99033829e+01 2.61865807e+04 5.45982956e+00]
[5.89033829e+01 2.61855807e+04 4.45982956e+00]
[5.79033829e+01 2.61845807e+04 3.45982956e+00]
[5.80462401e+01 2.61847236e+04 3.60268671e+00]
[5.77033829e+01 2.61843807e+04 3.25982956e+00]
[5.90700496e+01 2.61857474e+04 4.62649623e+00]
[5.88124738e+01 2.61854898e+04 4.36892047e+00]
[5.83227628e+01 2.61850001e+04 3.87920941e+00]
[5.86560961e+01 2.61853335e+04 4.21254274e+00]
[5.79894294e+01 2.61846668e+04 3.54587607e+00]
[5.87894294e+01 2.61854668e+04 4.34587607e+00]
[5.77397041e+01 2.61844171e+04 3.29615077e+00]
[5.77397041e+01 2.61844171e+04 3.29615077e+00]
[5.87397041e+01 2.61854171e+04 4.29615077e+00]
[5.87397041e+01 2.61854171e+04 4.29615077e+00]
[5.77397041e+01 2.61844171e+04 3.29615077e+00]
[5.87397041e+01 2.61854171e+04 4.29615077e+00]
[5.68678650e+01 2.61835452e+04 2.42431159e+00]
[5.71986342e+01 2.61838760e+04 2.75508082e+00]
[5.71986342e+01 2.61838760e+04 2.75508082e+00]
[5.69678650e+01 2.61836452e+04 2.52431159e+00]
[5.69678650e+01 2.61836452e+04 2.52431159e+00]
[5.69678650e+01 2.61836452e+04 2.52431159e+00]
[5.76790372e+01 2.61843564e+04 3.23548379e+00]
[5.90123705e+01 2.61856897e+04 4.56881712e+00]
[5.81790372e+01 2.61848564e+04 3.73548379e+00]
[5.80123705e+01 2.61846897e+04 3.56881712e+00]
[5.88328833e+01 2.61855102e+04 4.38932994e+00]
[5.66790372e+01 2.61833564e+04 2.23548379e+00]
[5.78328833e+01 2.61845102e+04 3.38932994e+00]
[5.85347099e+01 2.61852121e+04 4.09115651e+00]
[5.81775670e+01 2.61848549e+04 3.73401365e+00]
[5.82347099e+01 2.61849121e+04 3.79115651e+00]
[5.78808637e+01 2.61845582e+04 3.43731036e+00]
[5.86500945e+01 2.61853275e+04 4.20654113e+00]
[5.88204242e+01 2.61854978e+04 4.37687080e+00]
[5.84749366e+01 2.61851523e+04 4.03138329e+00]
[5.66892224e+01 2.61833666e+04 2.24566900e+00]
[5.86892224e+01 2.61853666e+04 4.24566900e+00]
[5.66892224e+01 2.61833666e+04 2.24566900e+00]
[5.66892224e+01 2.61833666e+04 2.24566900e+00]
[5.76892224e+01 2.61843666e+04 3.24566900e+00]
[5.66892224e+01 2.61833666e+04 2.24566900e+00]
[5.66892224e+01 2.61833666e+04 2.24566900e+00]
[5.84630922e+01 2.61851405e+04 4.01953886e+00]
[5.84005922e+01 2.61850780e+04 3.95703886e+00]
[5.71005922e+01 2.61837780e+04 2.65703886e+00]
[5.66505922e+01 2.61833280e+04 2.20703886e+00]
[5.74005922e+01 2.61840780e+04 2.95703886e+00]
[5.68005922e+01 2.61834780e+04 2.35703886e+00]
[5.75544384e+01 2.61842318e+04 3.11088502e+00]
[5.75544384e+01 2.61842318e+04 3.11088502e+00]
[5.76452745e+01 2.61843226e+04 3.20172114e+00]
[5.75145053e+01 2.61841919e+04 3.07095191e+00]
[5.75145053e+01 2.61841919e+04 3.07095191e+00]
[5.84145053e+01 2.61850919e+04 3.97095191e+00]
[5.79145053e+01 2.61845919e+04 3.47095191e+00]
[5.82459686e+01 2.61849233e+04 3.80241521e+00]
[5.84126352e+01 2.61850900e+04 3.96908188e+00]
[5.74126352e+01 2.61840900e+04 2.96908188e+00]
[5.74126352e+01 2.61840900e+04 2.96908188e+00]
[5.74126352e+01 2.61840900e+04 2.96908188e+00]
[5.81305840e+01 2.61848079e+04 3.68703059e+00]
[5.91050724e+01 2.61857824e+04 4.66151906e+00]
[5.87698452e+01 2.61854472e+04 4.32629179e+00]
[5.80425724e+01 2.61847199e+04 3.59901906e+00]
[5.82925724e+01 2.61849699e+04 3.84901906e+00]
[5.84870169e+01 2.61851644e+04 4.04346351e+00]
[5.90425724e+01 2.61857199e+04 4.59901906e+00]
[5.90425724e+01 2.61857199e+04 4.59901906e+00]
[5.73905922e+01 2.61840680e+04 2.94703886e+00]
[5.81072589e+01 2.61847846e+04 3.66370553e+00]
[5.76850367e+01 2.61843624e+04 3.24148331e+00]
[5.71405922e+01 2.61838180e+04 2.69703886e+00]
[5.72405922e+01 2.61839180e+04 2.79703886e+00]
[5.78405922e+01 2.61845180e+04 3.39703886e+00]
[5.79358303e+01 2.61846132e+04 3.49227696e+00]
[5.83254407e+01 2.61850028e+04 3.88188735e+00]
[5.77294811e+01 2.61844068e+04 3.28592775e+00]
[5.85072589e+01 2.61851846e+04 4.06370553e+00]
[5.73644018e+01 2.61840418e+04 2.92084839e+00]
[5.73896118e+01 2.61840670e+04 2.94605847e+00]
[5.72143737e+01 2.61838917e+04 2.77082038e+00]
[5.77935593e+01 2.61844709e+04 3.35000590e+00]
[5.85463065e+01 2.61852237e+04 4.10275315e+00]
[5.73320208e+01 2.61840094e+04 2.88846744e+00]
[5.73320208e+01 2.61840094e+04 2.88846744e+00]
[5.73320208e+01 2.61840094e+04 2.88846744e+00]
[5.82373664e+01 2.61849147e+04 3.79381306e+00]
[5.84040331e+01 2.61850814e+04 3.96047973e+00]
[5.70945093e+01 2.61837719e+04 2.65095592e+00]
[5.80373664e+01 2.61847147e+04 3.59381306e+00]
[5.67373664e+01 2.61834147e+04 2.29381306e+00]
[5.67373664e+01 2.61834147e+04 2.29381306e+00]
[5.79739256e+01 2.61846513e+04 3.53037220e+00]
[5.74786875e+01 2.61841560e+04 3.03513410e+00]
[5.94072589e+01 2.61860846e+04 4.96370553e+00]
[5.86929732e+01 2.61853703e+04 4.24941982e+00]
[5.69072589e+01 2.61835846e+04 2.46370553e+00]
[5.75576212e+01 2.61842350e+04 3.11406785e+00]
[5.83242879e+01 2.61850016e+04 3.88073452e+00]
